1010110010101001101010010110110010010110110100100110101011001010110010110011010100110100110101001011001101
1010110100101001101011001001101011011001001010101100110010101011001101010011010110010010110010110010101101
1010110110100100101101101001010010100101101100110011010100101001100101011010110010010110101011011001001101
1010101100110010101010011001101011001011010010100110101001101101100100101010110010101100110101010011001101
1010101100101011001101010100110011010011010100101101011001001101010011010011011001010010110011010101001101
1010100101101011001101011001010010100110100110101101100101001010100110011010010101101100101001101011001101
1010100101101011001101001010110010110010101100101001011011001101001011010010011001010110101100101100101101
1010101100101001101011001011001010011010110100110100101001101001001101011011010100110010110010101101001101
1010110011010100101010100110011011001010101100101101001001101011010011001010010101100110101010110011001101
1010100101101011001101101001001010011001101010101001101100101101010011001010010110010110101100110010101101
1010101101010011001100101001101010011010011010101101001011001101010010110010100110010110101001011001101101
1010101100101101001010011001101010010110011010100110011010101001101001101011010100110100110101001001101101
1010101101010011001101001101010010011010110010101100110101001001010110110010110010110010101010011011001101
1010101010011001101001011010011010011011010100101101100100101100110100101010011010110010110010110010101101
1010110010010101101011001001101011010110010010101001101101001010110011010010011010011010100110010101101101
1010110010101100101011001010110010101101100100110010101001101100110010101010110010110100101001101101001101
1010110100101101001011011010010011010101100100110100101001101100100101101010110011010010101010011001101101
1010100101011001101001011001011010010110010110101010011001101001100101101010011011010010101001101011001101
1010100110011010101100101010011010011010011010100110010101101101001100101011010100110100100101011001101101
1010101100110101001001011001101010100100110110110010101001101001101011010011010101100100110010110010101101
1010110011001010101100110010101010110100110010110100101101001010011001011010110010110100100110010101101101
1010110010101001101100100110101010101011001100100110101011001100110100101010101011001100110100101011001101
1010101101001100101010110011010011010010100110101010011001101010100110110011001010101100110011010100101101
1010100110101101001001011011001011010100110100110110010100101100101001101011011001001010101100110100101101
1010100101101001101011010110010010100101100110101011001011001010011010110011010100100110110110010101001101
1010110100110100101101001001011010101101001100110010101011001011010100110011001001010110110100110010101101
1010101101001101001001001011011010110010110100110101010011001011011010010010100110100110110100101100101101
1010110110010101001101001010110010010100110110101011010011001010100110110011001101010100110101101001001101
1010101011010011001011010100110011001010101100101100110010101011001100101010100110100110101101001011001101
1010101100110010101001011010110010011011010010100101011011001001010110110011010110010010100110101011001101
1010100100101101101101001011001010010110110010101010011011001101001001011010011010010110110011010010101101
1010100110101001101010100110110010010110010110101100100101101101100101001011010010110010100101011001101101
1010101001101011001001010110011010100110010110110100110010101001101101010010100110110100110100101001101101
1010101001100101101001011001101010010110110010100110101011001101100101001010100101101100110101101001001101
1010101001101001101001011001101011010010101100110101101001001001101100101010101100110100101101011001001101
1010100110100110101101001001011010101101001100101101101001001011011001010010110010110100110110100101001101
1010100101100101101001010011011010010110011010100110010101101101011001010010100110100110100101101011001101
1010110101010011001010010110110010011010101100110101001001101010110010011010110011010100101011001011001101
1010101100101100101001010110110010010010110110100110110010101101011001001011010100100110101001101011001101
1010110100100101101001100101101011001010010110101011001101001010010110110011001001101010101001011011001101
1010100100110101101001101001011010100110100110110100110100101100100110101010101100100110101100100110101101
1010100110100110101010110011010010101100110010110011010100101100100101011010110011001010101001100101101101
1010101011001011001001001101011011010011010100101100110010101001101001011010110101001100110110010101001101
1010110100100101101011001011010010100110101100110110101001001100101100101011010100100110100110101101001101
1010100110010110101100101010011010110101001100101100110101001010110011010010100110100110101101011001001101
1010100101100101101101001010110010110011010010101010110011001100101001101011010010011010101001101101001101
1010110101001001101010110100110011001001011010110101101001001001011011001011010100100110100101101011001101
1010101100100101101011001011001010011010010110110010101001101101010010110010100110011010101001101001101101
1010101001101011001100101011010010011001101010101010011001101010110110010011010010110010100110101100101101
1010110100101100101001101010110010100101100110110100110100101001101100101010101100101100101011010011001101
1010110100110100101101101001010011001100101010100110100101101001101010110011010101100100110100110101001101
1010101001011001101101010010110010010011011010110101010011001001001101011011011001010010101001100101101101
1010100101011001101010011001011010101100100110100101101101001001011010011010100110110010110100101101001101
1010110100110010101011010011010010101011001100100110110100101100101001011011001010100110110100100110101101
1010100110010101101001101010011011010110100100101101010011001001010110110010010110011010101001011001101101
1010110110101001001001100101011011010101100100101100100101101010011010011010010110110100110101001100101101
1010100110101100101101001101001010100110110010100101101100101100100101011011001010101100101100110010101101
1010110011001010101001100101011010010110010110101001001101101101001010011010100110011010110010010101101101
1010101101001101001001101001011010010010110110100101101100101101010100110011011010100100110110101001001101
1010110101001101001001001101101011001010110010101101100100101101001001011011011010100100101001001101101101
1010110101001101001101001010011010110100101100101011001011001101001101001010101001101100101101011001001101
1010101101001011001100101010110011001010011010100100101101101100101010011010110010110100110101001001101101
1010110101001100101101001101010011010110010010110100110100101001011010110010100110100110101001001101101101
1010110010110101001010010011011011011001010010101100100110101011010011001010110101100100110010011010101101
1010110101100100101011001011001010101100101100101100101001101010100110011010100110100110100100110101101101
1010110100101101001011010010110010011011001010110110101001001010100110011011010011010100100110100110101101
1010100110010110101010010011011011001010110100110110100101001010011001011010011010110100110011001010101101
1010110100110101001001101101001011010010110010110100100101101101010011001010110110100100100101011001101101
1010110010100101101011010010011010101100100110100100110110101001011010011011001001101010101011001011001101
1010110011001010101001101100101010110100100110101101100100101011010011001010010110010110110101001100101101