12020843134744 71.47
16995250783356 30.292
12941258668821 45.245
77633856991087 31.815
71746163755049 37.013
16300296148283 13.722
83467716072069 76.547
19945112162442 68.948
57952479096664 6.786
31639769743899 29.871
40977123185308 20.728
82428196575883 87.507
85784776679149 18.361
43891164961002 48.957
35760267648153 3.953
84634867099909 74.611
45113645011760 33.478
52619583823988 84.286
75023862483984 46.161
10666485946593 38.23
36278754143079 58.817
21129406932611 54.795
82589947477603 7.915
86369137766015 83.196
45947938465711 26.843
64490475073867 95.949
56462486284167 66.81
12196364135114 83.191
85180774983900 77.723
35250938151408 85.249
89378718574524 28.631
81907282551332 6.183
88829893063928 37.355
67212524159564 48.508
33400161687266 43.835
93408611844879 10.854
59498917535172 5.572
24852381537235 93.714
26149507634248 50.759
93516813334904 19.304
80530768371347 80.511
34539555485019 78.215
45152938531859 17.162
33853287927264 94.494
96997507543053 6.198
17553490009202 33.662
12531949356519 1.222
97096407753277 46.244
68750747488997 56.656
91117248507941 11.513
60595853412012 26.758
28124893237121 28.43
84686336506765 50.777
33898358085214 45.715
58682404548267 14.303
98435967757313 72.386
63619132989384 32.845
58212863304232 11.785
17539691471597 49.61
87284234468053 4.332
57470445766408 10.604
43693904809664 49.317
86265221927784 4.62
21367633236292 58.966
96640499277250 72.462
57002914294326 28.72
85290621031437 38.809
77471926183786 64.235
16107555367840 48.916
28798920207900 25.555
98128974717090 14.053
65960140032108 79.29
23628168485678 98.518
70086342829108 63.009
11405460377305 90.65
83472726758715 7.582
21068727686172 14.114
43341761348261 93.918
19171536919961 87.42
50218677615987 5.556
44580996488800 3.185
73269107228550 15.752
10721658639307 7.384
32169980692286 20.895
28460790276235 36.909
42927898587889 96.184
23623544363491 45.071
84580984291917 12.112
69951606511429 6.915
44524289558042 17.769
65799135244727 52.45
31345980135374 10.207
85938663434091 20.911
92106681528203 33.04
10477361705241 21.161
18720121448414 91.077
19963666625055 22.212
30347238232607 37.565
66065828362217 78.042
22175297843931 6.489
41544964707142 77.265
41122272822399 92.161
29999119438081 21.859
38701120907877 74.301
41306309804566 67.206
27859524144679 47.908
92060563958410 10.507
27529862719974 26.255
70486160359855 56.847
13965002049523 25.534
88220718339202 64.327
82678719836970 80.975
78454570936842 97.38
63189523568478 56.62
62057618918755 23.521
33339082469223 10.524
18537721357712 8.223
90041970741138 16.801
91088439853669 91.015
48977944421032 10.892
59164711271356 57.7
94739217674989 70.179
32127547743157 78.283
47271166664924 87.95
66416871715021 13.69
73890874162535 87.261
28744526398978 63.894
42784656610219 70.105
46050821397257 69.51
49051257650497 48.22
95164767649234 56.72
45750523544941 26.564
17722110406244 27.507
99717365501042 25.191
16931504725372 24.464
43254959534096 82.644
95040038136646 73.727
44435266252732 1.03
16924237551091 37.004
93182762044997 63.047
45126977858602 44.39
10478357081041 9.715
26992518140649 55.999
42816370078998 13.772
89217959654447 78.974
59343325218752 36.202
79140317433946 72.442
78464001480982 72.622
56947768151886 53.122
23285727710579 84.578
37238726490180 4.872
98590908131166 41.53
33234576190613 95.384
94257308173737 89.057
84038860163776 6.258
84192444597497 31.999
24118573189210 33.796
80525059414976 22.689
51763996909753 3.66
50994429704943 4.821
82246537705295 59.133
93768134469133 72.027
52688916806778 88.588
15204003485344 64.816
33652060904580 88.044
82212458859235 99.793
66659841081723 28.964
22206708944138 56.929
63649459383534 50.527
87396498834930 51.092
57365106096377 2.439
47424104792112 92.859
80912334819772 81.517
21522869903224 53.721
73525174005686 80.185
44862260143821 88.55
74693810387287 26.59
88991406301202 76.694
32764650101403 40.447
44799948285781 90.777
52272953949161 89.887
22219819609912 16.762
23075687163465 95.516
65355240772296 86.319
54954743777846 48.26
22555192031975 53.744
79669135179353 17.417
83995627194506 36.087
85547299696681 30.719
67506234388014 66.1
76409131691198 29.049
70357723544699 39.948
52627442154928 96.844
54220279915059 63.485
18420175102352 62.099
10508370372508 68.232
96247374298754 65.96
16630450715066 31.833
79969167894859 10.369
64439470091785 62.728
20450356913407 3.204
88466735897926 82.09
12291565531641 96.846
70546318301612 50.309
71216148978757 18.12
87058147476560 83.555
85996658218904 60.007
53478372035245 93.516
14868511571352 49.348
55188559229801 2.645
39490132826025 4.719
88075270342853 75.61
38306122274426 11.347
62346223343754 18.19
26485658839718 45.365
56389241391839 70.586
54949576771606 48.412
15292200652510 48.355
26931240234138 84.364
56007546128893 14.949
51831506389735 37.674
88899997004783 90.076
65492674609952 94.822
54635524298056 23.298
12556761278978 38.96
62862724499417 42.135
21827498322423 3.692
54845272418015 87.353
25425361524066 63.928
81808258264132 54.575
16875537369688 46.636
36403517698291 3.337
24153918798979 86.066
20801283425057 90.092
39432315087581 42.053
84120878356282 58.592
41013209625652 13.755
76204719289590 27.454
79650772044092 95.286
73946959509404 94.819
61564916253041 56.464
68423216489187 84.482
61501742622885 3.118
32362405938609 96.953
60709975836394 48.03
63088829536795 43.953
87195565831140 12.305
29778863131835 62.742
60821151091841 34.986
71244706827449 88.325
29673437076053 60.217
37738497221402 99.482
92444907157822 44.165
34489746561937 98.783
31536773382184 27.588
81429256853057 4.316
64761239497503 9.198
10184292521357 20.671
82226171474578 49.33
51478640773430 19.518
80247628141802 79.582
64230804491265 73.211
47610279669625 40.974
29661849109389 73.442
87072292863636 0.018
28091339332401 2.322
11627920988486 62.523
28987669588946 96.334
22029910175721 28.17
95430100219565 11.955
74742339905729 73.234
71127427101871 75.542
21198570864804 82.593
55743842008408 33.231
65194129986406 52.916
94071868327356 22.308
93164750277195 90.473
37199724087096 80.4
15225882233190 8.515
66565119584178 94.282
55676911039535 57.771
87829478118136 62.886
36946462921050 22.769
94255250298848 71.681
48554443966568 91.684
91048821009371 10.458
89418788629428 40.886
76470368939292 34.508
28232994813401 75.654
37718985205892 42.19
10582996137164 83.561
66071206977203 81.997
48404224491287 0.038
67716336523751 42.469
30913564952876 18.003
84014214625578 53.312
60700755496920 21.592
55950465373995 88.809
19626755948196 56.204
70285653627325 79.066
86833167024211 70.24
63951572451543 68.365
28210381925211 32.984
75805480264259 64.72
87519104545190 73.758
73556793043000 93.351
55544235327858 15.722
54057431048359 59.733
96318564053133 26.157
14836271489067 86.636
85587734053029 81.338
11697666111921 64.027
88116772504539 98.223
78135272297799 3.663
12670468644577 15.829
65443958976095 81.92
50733984447118 71.801
46495416963810 82.932
69065505774610 39.339
78896849471294 95.312
14485311607245 63.426
44731754679258 55.032
37687170065035 44.579
14733266556351 40.06
39645470208678 57.019
49768330484227 9.821
87693853743670 16.163
83993920873302 23.729
48319318628788 44.992
13020326795323 11.23
56966706849170 92.489
99456677488718 74.036
74609743974149 61.015
24843974324652 8.223
19879925033800 93.89
83950486121876 15.918
18844615127264 50.771
11241516467084 38.256
60612209971129 65.327
45973438115851 54.592
60433430606959 37.367
76433522494477 26.203
84595719656350 97.835
66631482873894 28.059
95318355936403 42.086
89464207352627 58.724
23827870711141 58.079
66550151949547 31.144
79575202288550 80.272
89159216918497 6.377
49062840133699 28.827
41848988976964 7.927
41853509219291 17.074
56690467733488 32.689
10830653263403 1.928
55058281677020 97.872
59895980325875 14.941
44701964784792 24.794
68078733901411 33.397
14589211924970 50.275
39478144359894 97.957
23427781569416 51.99
96597356525628 73.948
17493291037402 0.48
96565369011675 51.349
96279486561222 32.447
47271501535902 60.912
70271267905144 72.942
33947189965750 61.33
32302651705847 72.036
80210229374694 99.104
89833937344926 38.825
79015503448558 56.989
39315870406337 45.241
50952107121585 52.137
47571644068596 46.724
36283714305716 23.009
57692995114791 74.232
57228631403565 5.99
87026178029691 26.353
38105925141687 57.48
17241722111540 16.559
97018980405574 64.473
96320859421619 38.285
74203911005036 49.893
12319443257406 80.902
46777830891885 49.315
56157409538953 13.161
96490425184491 12.089
88486125099937 44.109
27975817599337 63.976
93042200299770 62.586
82911184741581 80.756
80987971195612 24.235
51291198793388 16.688
14502933304269 2.007
12198190201870 93.143
26875561974944 38.939
42238636183099 16.462
47689521963897 29.958
16381875851218 45.444
93330253807640 25.089
50801109221141 76.509
93483220759366 12.46
32431684034522 20.508
51016837172320 68.816
10472718797846 61.166
69596418941776 53.433
60374582276538 43.384
68157234275086 49.312
61242573657892 75.818
46235497463882 27.657
17295443739606 23.294
32283332894434 73.979
45275151214629 85.081
28316937769616 52.248
44379380986444 61.243
46153736999839 75.977
51963668983782 26.32
77530689348982 72.638
90715928428464 6.143
77009986215901 90.652
18291197025678 96.756
75987230359932 81.863
73537904853247 40.045
13603216479413 27.33
14468914001485 45.735
61713664958699 30.355
48983267227340 66.606
47350702259670 11.678
41511524899044 91.267
19995406419337 44.186
63213610683518 67.741
83231604749412 2.023
25323259193672 39.85
68870145526601 57.923
35288211824619 5.094
16285708767427 36.855
14044863885760 89.023
46504471007121 68.812
57836284077073 22.581
86537901993756 90.113
47221956987944 39.598
75445997846705 52.124
27060342808160 30.291
60163388341669 47.591
66851267299097 30.546
25069810338127 75.486
93548387997600 73.513
60983256064939 86.848
68913696669093 85.904
84180304927308 12.356
41362553029131 20.031
47219287821878 50.433
21623741834082 33.118
34962806122861 16.008
79425447962918 41.869
52454337668557 24.357
87045578301910 95.494
38561171665155 23.36
89714781192735 17.235
96919583337594 14.86
57302704835113 67.893
78020133255645 1.354
47563616696906 35.492
47017179359361 67.037
56039583988186 61.897
38521476366380 88.989
10265646018669 23.739
10309358907608 31.025
23575374177492 11.963
97030121421544 71.195
25476147389211 70.306
73052604275348 13.59
57068275962846 45.161
76669994609646 66.323
86162457767559 57.093
92825347909041 60.114
49038434443372 44.772
15100136771651 54.992
38585735112504 71.018
41043628725513 79.062
37515553951574 86.605
56627898591613 94.193
69648865302738 94.804
47682382834255 34.306
38044575149291 13.421
83679759661330 56.809
39308639468580 99.181
89319493119108 83.862
98248533187693 23.438
35745709417802 58.902
31682607335683 66.599
28003858877983 93.945
10945947375032 42.989
99334979515216 17.739
64586823378018 77.421
33312972655630 52.936
19378263301466 82.465
68225914555242 17.36
80272472585488 65.822
19314688349018 78.886
73218446937974 6.281
33862244232979 59.26
30341979244253 35.477
60207755503182 9.528
66503411834317 72.017
20913882439664 20.992
76314727635168 3.989
21083712757478 15.306
13030841705351 15.681
89390159375257 52.721
40705190445051 42.869
84253321869289 58.046
51956948704218 17.637
67722493162771 43.766
45728400796112 96.894
81577149312567 5.189
11252288284187 62.634
81044918408252 25.357
55817101519816 55.841
18794452325738 2.81
73505405038138 72.074
91508747934169 59.057
30266683733534 66.296
34732931837560 68.06
60331194859188 55.511
29348414968406 65.402
26492358336141 29.777
79146606156429 73.854
82006662561883 57.377
19281565355157 75.348
28618263952576 88.183
39560828686796 70.168
92173834265272 39.873
81382423345949 22.46
36900867517696 59.445
36043487856763 21.483
64987968727521 76.579
23613129925923 1.055
10576864683583 27.447
89032531768717 22.749
35604967447134 29.131
89527911282832 81.417
33492554877228 67.766
64610981682731 40.456
38029943678415 62.466
65420253671969 19.871
15819290242883 34.409
76009452089899 59.646
70485779931984 39.107
82751161451761 2.596
70996383392427 23.566
40934698352233 89.035
70191412266982 51.285
28545276344917 8.896
36466389681162 13.797
53695876348049 7.063
77777470611420 65.623
17990630246680 70.251
79636313111942 55.86
95517839255028 34.982
46831270793386 65.287
84494823747001 81.796
19470716348054 92.369
74887599311820 77.916
99032522281881 15.073
79560737484912 84.209
74078207703935 89.183
88363369901550 99.078
46656692959861 71.076
65172856924399 91.274
53269701385545 35.475
54536836284266 40.847
74513524643403 1.371
87839660565275 98.092
35487273185212 55.39
51843596138039 6.454
81952671362277 18.039
11850905415912 24.515
73041905874241 96.894
31161502499728 18.164
54450776157539 74.59
48094348046083 59.126
59736937875494 33.529
37193188395493 14.015
98706471883059 23.981
71491146476035 49.227
59376357702045 69.779
19460542928776 37.228
57344909606921 45.337
14955185172302 21.877
44048533759498 15.231
76087756153830 63.635
23618116837905 67.637
71941878972710 99.825
43504211722508 3.894
38442373112206 33.285
10156399929747 8.158
14956766285376 99.608
52490456659679 48.187
72703736084354 5.62
84104512377778 38.606
60745793194531 15.095
14730215538204 78.125
41214362488675 45.98
57885328192930 60.139
17340688902083 96.169
94698229204237 17.494
48832218378263 49.738
56051858749560 18.542
63661721912202 66.293
76473904297690 25.65
72863606104342 1.365
96756271342160 72.493
24574715401622 5.701
26788469947762 20.967
73990872341176 5.151
81387818635673 96.852
26847235708315 49.516
64958517618793 60.843
53674963483968 6.191
38648422667605 9.42
75326227179691 48.309
83514640864768 62.108
57329699701639 4.811
36913656687217 9.586
95964188089055 69.054
82512121775076 60.134
40617517761713 91.608
93719278873983 43.65
64504120072059 76.255
13639146628225 24.275
86709665233644 98.445
36203422221595 3.731
84367387488321 49.488
80115571939335 57.879
91859570424885 95.871
26464708123142 90.872
46177846344601 46.629
61370831706715 44.723
28826845008945 0.794
92450707376264 20.647
74910612042464 29.383
68512366749548 15.225
25060960291362 21.349
84144251189207 64.506
66304340498854 35.715
85201217528121 69.396
78854673059975 14.768
73943116375360 23.774
67427207318405 36.841
54838712683152 77.418
49830774035187 97.396
16589765876582 75.523
53744123316387 77.884
99862377901327 13.501
52190930367056 22.248
31460435674641 8.255
31898836044051 86.666
14119447589502 21.713
87445131132354 10.276
55449641717908 10.809
96845915944384 84.422
72447414566777 7.825
46603571011836 46.324
25145336929922 64.314
17604565563207 97.941
58589582562027 51.612
81761922516332 84.089
21935960829794 48.656
90916756277082 80.433
43016174008838 89.678
22185987956045 55.271
98114889049061 0.022
58741460627207 78.6
89089760933997 51.876
14624372482490 10.893
50743803397873 71.988
27389481617104 29.067
27471470043602 70.594
85804217246429 66.728
99170861791667 22.819
38265951546658 32.918
84178955525000 99.808
11095431195515 64.343
98929793022887 0.447
75557752343490 66.89
77185278349101 8.912
97422820954148 62.685
49952490298755 48.49
47128172064425 40.182
79038762024604 84.339
93445760099605 69.479
82964337881388 38.531
36218528888006 7.645
86075836926950 45.838
55098236866782 14.854
75168986589969 84.89
21990167034898 61.831
83810730592326 32.839
37075510205994 35.158
15220680355947 81.253
63248185391334 68.265
79799887307200 90.905
40518613377652 17.883
18770873997149 9.753
12803768652666 53.588
88182941047851 15.361
39541475793758 25.005
79121694965947 84.848
67957211534363 8.334
40689804705571 26.471
44050267941160 98.674
47099766665490 69.507
92772782643053 63.501
21808739246204 22.928
29071221233558 9.993
54695287671289 56.027
29765254348896 38.114
18887664239856 66.65
56328536333535 61.914
19128170597055 26.791
91708933401261 78.973
13406529236195 9.948
63620452109955 53.736
32890753833945 26.905
16481811337393 88.988
74496389509861 17.053
45300842518261 61.051
79530396014716 82.839
86874384022240 53.207
41479783001772 94.703
77653487029550 70.205
91302860638016 35.206
41497975149342 0.489
67865673671820 26.33
32996103478084 97.892
34170115919882 35.823
51334613434374 70.026
74158156462144 18.624
97717627067411 24.407
58827989314903 13.232
32446963738342 81.427
14821726198806 57.28
33069275438345 3.985
39878318385714 42.332
19689768529613 22.174
11718390783901 7.25
13200172355310 16.925
72030587828055 56.075
16187992901031 74.117
29934120984892 47.836
89793806758476 73.761
80747782474752 9.689
73771799001613 36.458
91834697163185 55.389
64015777796604 97.807
79543353224820 73.582
44401745046485 25.54
80974266885766 43.825
21568922318665 60.201
41401230786885 55.14
51410568828974 45.355
74705784664692 72.442
95740724035361 55.21
65268590758754 92.807
53662306303488 72.826
71321446008784 23.561
86533162399454 68.921
42461119257175 23.043
29355376916086 0.334
64992375363805 84.143
94951339517908 97.595
70079797561910 21.931
16622108552492 42.396
86991398065743 30.731
42356816865376 56.742
72980225885582 72.073
99945429738149 0.962
82807775136879 28.124
72758721123171 98.442
34255610024785 45.647
56464325465500 73.127
43017288688460 55.496
79292162867880 39.897
92401130657478 15.839
95045347202229 8.896
80212239752504 51.517
10922324731992 75.697
64134508077472 24.679
91277901215745 10.64
68875583514129 79.506
89577259936179 44.406
64352627554255 96.327
17889792084207 36.788
29783779816800 49.649
43822915004552 62.319
66090730157756 40.393
94939509423083 34.033
93926175386057 26.944
38884225198228 47.458
77264701821170 65.566
79358690218273 28.183
63500448533854 49.236
40673537626046 23.387
16688296634303 32.188
54962646328529 38.756
28372283928740 95.638
24760960143630 45.383
38531931361001 33.925
18536806886250 40.287
37872544101535 0.047
74398868247078 94.26
66289950589812 94.661
70144218841581 76.386
76838501998688 18.035
14359197973971 29.471
42747711323701 95.219
81898542219671 12.97
89674880311331 27.96
83174454972019 26.696
34151736887206 54.288
21100713876544 81.406
75824139307027 43.066
54650971162489 70.916
57441982794331 48.676
96283995242272 1.237
44604720804694 36.767
18344948262095 26.061
69762347292487 91.713
11671386556626 0.593
90343426057896 94.168
67882927668934 40.907
55460299468271 26.278
77885217481519 31.348
85585887228043 16.309
53921510247380 15.718
73722239007736 77.618
79401996955612 32.509
79731521453708 1.294
46171650586894 11.858
55888877238487 78.0
73643255206504 5.59
31659354409466 64.058
69999108475952 3.388
12991805794610 14.33
64044501673681 43.105
77995197152442 43.802
83584342633328 64.234
15257202255257 36.672
63370977406788 63.75
54673396155748 17.278
10095319642903 68.247
64123142742431 18.034
31211977433385 35.6
80201218533798 1.502
67826805508409 8.461
84835787909184 57.682
99927224427128 8.817
90772652336933 83.653
96230159734815 58.825
40088473738070 46.871
37826101289206 82.572
25416998438675 18.877
39371174297565 36.437
91773284557018 12.043
38529983882950 66.927
81677886688995 4.443
86796689718317 5.49
68872148233159 84.545
47530173822643 94.962
49082605984582 43.997
21339787401787 46.015
87215343993118 38.606
70022372828004 83.03
65995863966224 10.05
15326938689693 17.757
99514369469347 95.181
38982628113000 52.536
60659975856317 78.754
17873570115253 55.236
59053307109302 41.435
76026542533720 17.283
91068500473321 6.69
26844578357781 45.308
82464297206586 53.607
18454474096950 11.462
78630718608065 28.162
24632675838811 89.134
16266408327273 63.745
38080406357576 46.849
99951229213297 56.57
49675184159315 92.908
44421605392808 42.153
44037295697231 3.252
57838310417702 43.271
32506390407169 69.719
86153392673442 8.31
33409557097898 58.973
46735536125301 36.343
30262321095328 12.81
67227433396421 86.052
41337142665706 33.349
22163511817957 17.791
76077590147905 50.097
16388813936039 69.842
32494349951569 12.273
83290728189729 33.675
75672681196074 58.707
55239349079130 16.68
29610878133318 54.579
12943687611029 30.945
43457296566556 7.231
16317557278596 84.705
36119876322756 27.294
53769144431281 39.286
28326113169513 91.351
23871701219405 83.899
94714819485980 47.073
21960485977504 69.794
89235552199164 22.884
60998349065683 61.719
45399962041562 27.377
89043487776299 56.341
22177650978572 47.895
32636509998578 24.712
61235424972568 59.109
10620133636036 66.546
93390219757666 69.167
56748757342425 94.7
59906461996241 17.162
19030921463511 16.318
13955767188497 88.042
80251749129391 50.556
58469742221759 73.746
19498832357120 99.084
74998269733780 48.459
39560593179949 35.661
45331151244506 57.23
62143842512496 36.619
74955882607036 37.179
84166817772903 12.281
28634127977035 0.125
61416765663459 37.828
73499761512816 64.098
95656295802288 42.944
72719337168242 96.437
52430324356400 9.557
31424780977409 38.461
78277794762883 42.985
80928621037176 89.277
19312372738248 52.375
88517541399931 43.162
37106104601842 10.081
67865317407306 70.595
54579172403351 71.91
11789844384307 55.792
44704652584943 3.46
23231437737741 82.215
60750364552807 30.932
25573414218436 89.884
82481188044536 37.214
84088698873016 67.167
10387428455377 0.541
37272492396655 19.898
12061527919078 12.54
24415129568328 40.976
12482244504007 51.384
17475556314081 74.354
27615417104159 27.63
18185126811996 99.881
48655365161292 92.521
43279703732168 48.067
82789795132538 58.518
46408607637443 45.146
22573564478200 51.291
33711471187152 58.069
91411246722468 55.47
91006210534892 31.763
55843883248724 18.725
84607265734578 49.845
57991353657131 70.629
24637222072019 70.998
89173590066437 4.796
56952211829260 33.622
57370265851511 21.429
92436747505213 59.278
73343189715566 99.076
23335790362653 31.232
55274658318377 28.51
76743487549981 63.871
68483174808292 95.154
86762895353667 62.794
55686972793717 89.687
75836809211574 68.968
53851875608563 13.304
19797650286187 57.093
89905427734277 0.383
92674982206457 28.528
84201121977270 84.201
12462997385557 12.463
35286020811621 35.286
